time(s),keff(-),power(W),flux0,flux1(m-2s-1),TFuel_Max,Avg,Min,TCladding_Max,Avg,Min,TCoolant_Max,Avg,Min(K)

200.00001,1.00346,1.0056e+07,4.9145e+06,5.1419e+06,1228,800.49,600.95,713.6,647.53,600.18,685.92,628.47,600.02
200.000022,1.00346,1.0122e+07,4.9467e+06,5.1755e+06,1228,800.49,600.95,713.6,647.53,600.18,685.92,628.47,600.02
200.0000364,1.00346,1.0199e+07,4.984e+06,5.2146e+06,1228,800.49,600.95,713.6,647.53,600.18,685.92,628.47,600.02
200.0000537,1.00346,1.0287e+07,5.0271e+06,5.2597e+06,1228,800.49,600.95,713.6,647.53,600.18,685.92,628.47,600.02
200.0000737,1.00346,1.0384e+07,5.0748e+06,5.3096e+06,1228,800.49,600.95,713.6,647.53,600.18,685.92,628.47,600.02
200.0000947,1.00346,1.0482e+07,5.1227e+06,5.3597e+06,1228,800.49,600.95,713.6,647.53,600.18,685.92,628.47,600.02
200.000117,1.00346,1.0581e+07,5.171e+06,5.4102e+06,1228,800.49,600.95,713.6,647.53,600.18,685.92,628.47,600.02
200.0001407,1.00346,1.0681e+07,5.2196e+06,5.461e+06,1228,800.49,600.95,713.6,647.53,600.18,685.92,628.47,600.02
200.0001659,1.00346,1.0781e+07,5.2684e+06,5.5122e+06,1228,800.49,600.95,713.6,647.53,600.18,685.92,628.47,600.02
200.0001929,1.00346,1.0881e+07,5.3176e+06,5.5636e+06,1228,800.49,600.95,713.6,647.53,600.18,685.92,628.47,600.02
200.0002217,1.00346,1.0982e+07,5.367e+06,5.6153e+06,1228,800.49,600.95,713.6,647.53,600.18,685.92,628.47,600.02
200.0002528,1.00346,1.1084e+07,5.4166e+06,5.6672e+06,1228,800.49,600.95,713.6,647.53,600.18,685.92,628.47,600.02
200.0002864,1.00346,1.1186e+07,5.4664e+06,5.7193e+06,1228,800.49,600.95,713.6,647.53,600.18,685.92,628.47,600.02
200.000323,1.00346,1.1288e+07,5.5163e+06,5.7715e+06,1228,800.49,600.95,713.6,647.53,600.18,685.92,628.47,600.02
200.000363,1.00346,1.139e+07,5.5664e+06,5.8239e+06,1228,800.49,600.95,713.6,647.53,600.18,685.92,628.47,600.02
200.0004071,1.00346,1.1493e+07,5.6165e+06,5.8763e+06,1228,800.49,600.95,713.6,647.53,600.18,685.92,628.47,600.02
200.0004561,1.00346,1.1595e+07,5.6665e+06,5.9286e+06,1228,800.49,600.95,713.6,647.53,600.18,685.92,628.47,600.02
200.0005112,1.00346,1.1697e+07,5.7163e+06,5.9808e+06,1228,800.49,600.95,713.6,647.53,600.18,685.92,628.47,600.02
200.0005738,1.00346,1.1798e+07,5.7658e+06,6.0326e+06,1228,800.49,600.95,713.6,647.53,600.18,685.92,628.47,600.02
200.000646,1.00346,1.1899e+07,5.8148e+06,6.0838e+06,1228,800.49,600.95,713.6,647.53,600.18,685.92,628.47,600.02
200.0007311,1.00346,1.1997e+07,5.863e+06,6.1342e+06,1228,800.49,600.95,713.6,647.53,600.18,685.92,628.47,600.02
200.0008332,1.00346,1.2093e+07,5.9098e+06,6.1832e+06,1228,800.49,600.95,713.6,647.53,600.18,685.92,628.47,600.02
200.0009556,1.00346,1.2183e+07,5.9536e+06,6.229e+06,1228,800.49,600.95,713.6,647.53,600.18,685.92,628.47,600.02
200.0011026,1.00346,1.2263e+07,5.9928e+06,6.2701e+06,1228,800.49,600.95,713.6,647.53,600.18,685.92,628.47,600.02
200.001279,1.00346,1.2331e+07,6.0263e+06,6.3051e+06,1228,800.5,600.95,713.6,647.53,600.18,685.92,628.47,600.02
200.0014906,1.00346,1.2387e+07,6.0532e+06,6.3333e+06,1228,800.5,600.95,713.6,647.53,600.18,685.92,628.47,600.02
200.0017445,1.00346,1.2428e+07,6.0736e+06,6.3546e+06,1228,800.5,600.95,713.6,647.53,600.18,685.92,628.47,600.02
200.0020492,1.00346,1.2457e+07,6.0879e+06,6.3696e+06,1228,800.5,600.95,713.6,647.53,600.18,685.92,628.47,600.02
200.0024149,1.00346,1.2476e+07,6.0972e+06,6.3793e+06,1228,800.51,600.95,713.6,647.53,600.18,685.92,628.47,600.02
200.0028537,1.00346,1.2488e+07,6.1026e+06,6.385e+06,1228,800.51,600.95,713.6,647.53,600.18,685.92,628.47,600.02
200.0033802,1.00346,1.2493e+07,6.1055e+06,6.388e+06,1228,800.51,600.95,713.6,647.53,600.18,685.92,628.47,600.02
200.004012,1.00346,1.2496e+07,6.1068e+06,6.3893e+06,1228,800.52,600.95,713.6,647.53,600.18,685.92,628.47,600.02
200.0047701,1.00346,1.2497e+07,6.1072e+06,6.3897e+06,1228.1,800.53,600.95,713.6,647.53,600.18,685.92,628.47,600.02
200.0056798,1.00346,1.2497e+07,6.1071e+06,6.3896e+06,1228.1,800.54,600.95,713.6,647.53,600.18,685.92,628.47,600.02
200.0067714,1.00346,1.2496e+07,6.1068e+06,6.3894e+06,1228.1,800.55,600.95,713.6,647.53,600.18,685.92,628.47,600.02
200.0080814,1.00346,1.2495e+07,6.1064e+06,6.3889e+06,1228.1,800.56,600.95,713.6,647.53,600.18,685.92,628.47,600.02
200.0096532,1.00346,1.2494e+07,6.1059e+06,6.3883e+06,1228.2,800.57,600.95,713.6,647.53,600.18,685.92,628.47,600.02
200.0115394,1.00346,1.2493e+07,6.1052e+06,6.3876e+06,1228.2,800.59,600.95,713.6,647.53,600.18,685.92,628.47,600.02
200.0138027,1.00346,1.2491e+07,6.1044e+06,6.3868e+06,1228.3,800.61,600.95,713.6,647.53,600.18,685.92,628.47,600.02
200.0165187,1.00346,1.2489e+07,6.1034e+06,6.3857e+06,1228.3,800.64,600.95,713.6,647.53,600.18,685.92,628.47,600.02
200.0197777,1.00346,1.2487e+07,6.1021e+06,6.3844e+06,1228.4,800.67,600.95,713.6,647.53,600.18,685.92,628.47,600.02
200.0236884,1.00346,1.2483e+07,6.1006e+06,6.3828e+06,1228.5,800.71,600.95,713.61,647.53,600.18,685.92,628.47,600.02
200.0283811,1.00346,1.2479e+07,6.0986e+06,6.3808e+06,1228.6,800.75,600.95,713.61,647.53,600.18,685.92,628.47,600.02
200.0340122,1.00346,1.2474e+07,6.0962e+06,6.3782e+06,1228.7,800.8,600.95,713.62,647.54,600.18,685.92,628.47,600.02
200.0407693,1.00346,1.2468e+07,6.0932e+06,6.375e+06,1228.9,800.87,600.95,713.62,647.54,600.18,685.92,628.47,600.02
200.0488775,1.00346,1.246e+07,6.0893e+06,6.3711e+06,1229.1,800.94,600.95,713.63,647.54,600.18,685.92,628.47,600.02
200.0586072,1.00346,1.2451e+07,6.0846e+06,6.366e+06,1229.3,801.03,600.95,713.65,647.55,600.18,685.92,628.47,600.02
200.0702824,1.00346,1.2438e+07,6.0785e+06,6.3597e+06,1229.6,801.14,600.95,713.66,647.55,600.18,685.92,628.47,600.02
200.0842922,1.00346,1.2423e+07,6.0709e+06,6.3518e+06,1229.9,801.26,600.95,713.68,647.56,600.18,685.92,628.47,600.02
200.1011035,1.00346,1.2403e+07,6.0614e+06,6.3419e+06,1230.3,801.41,600.96,713.71,647.57,600.18,685.92,628.47,600.02
200.1212765,1.00346,1.2379e+07,6.0496e+06,6.3294e+06,1230.7,801.59,600.96,713.75,647.59,600.18,685.92,628.48,600.02
200.1454833,1.00346,1.2349e+07,6.0349e+06,6.314e+06,1231.3,801.79,600.96,713.79,647.61,600.18,685.93,628.48,600.02
200.1745307,1.00346,1.2312e+07,6.0168e+06,6.2951e+06,1231.9,802.04,600.96,713.86,647.64,600.18,685.94,628.49,600.02
200.2093864,1.00346,1.2267e+07,5.9947e+06,6.272e+06,1232.7,802.32,600.96,713.94,647.67,600.18,685.95,628.51,600.02
200.2512121,1.00346,1.2212e+07,5.9681e+06,6.2442e+06,1233.5,802.65,600.96,714.04,647.72,600.19,685.98,628.53,600.02
200.3014014,1.00346,1.2148e+07,5.9365e+06,6.2111e+06,1234.6,803.03,600.97,714.17,647.77,600.19,686.02,628.55,600.02
200.3616268,1.00346,1.2072e+07,5.8994e+06,6.1723e+06,1235.8,803.47,600.97,714.33,647.85,600.19,686.07,628.59,600.02
200.4338951,1.00346,1.1984e+07,5.8565e+06,6.1274e+06,1237.2,803.96,600.97,714.53,647.93,600.19,686.15,628.64,600.02
200.5206144,1.00346,1.1884e+07,5.8076e+06,6.0763e+06,1238.8,804.51,600.97,714.78,648.04,600.19,686.26,628.69,600.02
200.62458,1.00346,1.1772e+07,5.7529e+06,6.0191e+06,1240.6,805.12,600.98,715.07,648.17,600.19,686.4,628.76,600.02
200.7350158,1.00346,1.1663e+07,5.6997e+06,5.9634e+06,1242.4,805.7,600.98,715.39,648.3,600.19,686.55,628.84,600.02
200.8544154,1.00346,1.1556e+07,5.6473e+06,5.9085e+06,1244.2,806.27,600.98,715.71,648.44,600.19,686.73,628.92,600.02
200.9841907,1.00346,1.145e+07,5.5957e+06,5.8546e+06,1246,806.83,600.99,716.04,648.58,600.19,686.92,629,600.02
201.1262543,1.00346,1.1347e+07,5.545e+06,5.8015e+06,1247.8,807.37,600.99,716.37,648.72,600.19,687.12,629.08,600.02
201.2830455,1.00346,1.1245e+07,5.4953e+06,5.7495e+06,1249.6,807.89,600.99,716.71,648.86,600.19,687.33,629.16,600.02
201.4578139,1.00346,1.1145e+07,5.4466e+06,5.6985e+06,1251.4,808.39,600.99,717.03,649,600.19,687.54,629.24,600.02
201.6550372,1.00346,1.1048e+07,5.399e+06,5.6488e+06,1253.2,808.87,601,717.35,649.13,600.19,687.76,629.32,600.02
201.8811268,1.00346,1.0953e+07,5.3529e+06,5.6005e+06,1254.9,809.33,601,717.66,649.26,600.19,687.98,629.4,600.02
202.145696,1.00346,1.0862e+07,5.3084e+06,5.554e+06,1256.5,809.75,601,717.95,649.38,600.19,688.2,629.47,600.02
202.4631697,1.00346,1.0776e+07,5.2661e+06,5.5097e+06,1258,810.14,601,718.23,649.5,600.19,688.42,629.54,600.02
202.8441267,1.00346,1.0698e+07,5.2281e+06,5.47e+06,1259.4,810.47,601,718.48,649.6,600.19,688.64,629.61,600.02
203.3012615,1.00346,1.0633e+07,5.1965e+06,5.4369e+06,1260.5,810.72,601,718.71,649.69,600.19,688.85,629.67,600.02
203.8012615,1.00346,1.0589e+07,5.1746e+06,5.414e+06,1261.2,810.88,601,718.89,649.77,600.19,689.04,629.72,600.02
204.3012615,1.00346,1.0562e+07,5.1616e+06,5.4004e+06,1261.6,810.97,601,719.02,649.82,600.19,689.19,629.76,600.02
204.8012615,1.00346,1.0547e+07,5.1542e+06,5.3927e+06,1261.8,811.01,601,719.11,649.86,600.19,689.32,629.79,600.02
205.3012615,1.00346,1.0539e+07,5.1502e+06,5.3885e+06,1261.8,811.02,601,719.18,649.88,600.19,689.43,629.81,600.02
205.8012615,1.00346,1.0535e+07,5.1483e+06,5.3865e+06,1261.8,811.03,601,719.23,649.9,600.19,689.52,629.83,600.02
206.3012615,1.00346,1.0533e+07,5.1476e+06,5.3857e+06,1261.8,811.03,601,719.27,649.92,600.19,689.6,629.84,600.02
206.8012615,1.00346,1.0533e+07,5.1475e+06,5.3856e+06,1261.8,811.03,601,719.31,649.93,600.19,689.68,629.86,600.02
207.3012615,1.00346,1.0534e+07,5.1477e+06,5.3858e+06,1261.8,811.03,601,719.33,649.94,600.19,689.74,629.87,600.02
207.8012615,1.00346,1.0534e+07,5.1481e+06,5.3862e+06,1261.7,811.03,601,719.36,649.95,600.19,689.8,629.88,600.02
208.3012615,1.00346,1.0535e+07,5.1485e+06,5.3867e+06,1261.7,811.04,601,719.38,649.96,600.19,689.86,629.89,600.02
208.8012615,1.00346,1.0536e+07,5.1489e+06,5.3871e+06,1261.7,811.05,601,719.41,649.97,600.19,689.91,629.9,600.02
209.3012615,1.00346,1.0537e+07,5.1493e+06,5.3875e+06,1261.7,811.05,601,719.43,649.97,600.19,689.95,629.9,600.02
209.8012615,1.00346,1.0538e+07,5.1496e+06,5.3879e+06,1261.6,811.06,601,719.45,649.98,600.19,690,629.91,600.02
210.3012615,1.00346,1.0538e+07,5.1499e+06,5.3882e+06,1261.6,811.07,601,719.47,649.99,600.19,690.04,629.92,600.02
210.8012615,1.00346,1.0539e+07,5.1502e+06,5.3885e+06,1261.6,811.09,601,719.49,650,600.19,690.08,629.93,600.02
211.3012615,1.00346,1.0539e+07,5.1504e+06,5.3887e+06,1261.7,811.1,601,719.5,650,600.19,690.11,629.93,600.02
211.8012615,1.00346,1.054e+07,5.1506e+06,5.3889e+06,1261.7,811.11,601,719.52,650.01,600.19,690.14,629.94,600.02
212.3012615,1.00346,1.054e+07,5.1508e+06,5.3891e+06,1261.7,811.12,601,719.54,650.02,600.19,690.17,629.94,600.02
212.8012615,1.00346,1.054e+07,5.151e+06,5.3893e+06,1261.7,811.13,601,719.55,650.02,600.19,690.2,629.95,600.02
213.3012615,1.00346,1.0541e+07,5.1511e+06,5.3894e+06,1261.7,811.14,601,719.56,650.03,600.19,690.23,629.95,600.02
213.8012615,1.00346,1.0541e+07,5.1513e+06,5.3896e+06,1261.7,811.16,601,719.58,650.03,600.19,690.25,629.96,600.02
214.3012615,1.00346,1.0541e+07,5.1514e+06,5.3897e+06,1261.7,811.17,601,719.59,650.04,600.19,690.28,629.96,600.02
214.8012615,1.00346,1.0541e+07,5.1515e+06,5.3899e+06,1261.7,811.18,601,719.6,650.04,600.19,690.3,629.96,600.02
215.3012615,1.00346,1.0542e+07,5.1517e+06,5.39e+06,1261.7,811.19,601,719.61,650.05,600.19,690.32,629.97,600.02
215.8012615,1.00346,1.0542e+07,5.1518e+06,5.3901e+06,1261.8,811.2,601,719.62,650.05,600.19,690.34,629.97,600.02
216.3012615,1.00346,1.0542e+07,5.1519e+06,5.3902e+06,1261.8,811.21,601,719.63,650.06,600.19,690.36,629.97,600.02
216.8012615,1.00346,1.0542e+07,5.152e+06,5.3904e+06,1261.8,811.22,601,719.64,650.06,600.19,690.37,629.98,600.02
217.3012615,1.00346,1.0543e+07,5.1521e+06,5.3905e+06,1261.8,811.23,601,719.65,650.06,600.19,690.39,629.98,600.02
217.8012615,1.00346,1.0543e+07,5.1522e+06,5.3906e+06,1261.8,811.24,601,719.66,650.07,600.19,690.4,629.98,600.02
218.3012615,1.00346,1.0543e+07,5.1524e+06,5.3907e+06,1261.8,811.25,601,719.67,650.07,600.19,690.41,629.98,600.02
218.8012615,1.00346,1.0543e+07,5.1525e+06,5.3908e+06,1261.9,811.26,601,719.67,650.07,600.19,690.43,629.99,600.02
219.3012615,1.00346,1.0544e+07,5.1526e+06,5.3909e+06,1261.9,811.27,601,719.68,650.08,600.19,690.44,629.99,600.02
219.8012615,1.00346,1.0544e+07,5.1527e+06,5.391e+06,1261.9,811.27,601,719.69,650.08,600.19,690.45,629.99,600.02
220.3012615,1.00346,1.0544e+07,5.1528e+06,5.3911e+06,1261.9,811.28,601,719.69,650.08,600.19,690.46,629.99,600.02
220.8012615,1.00346,1.0544e+07,5.1529e+06,5.3913e+06,1261.9,811.29,601,719.7,650.08,600.19,690.47,629.99,600.02
221.3012615,1.00346,1.0544e+07,5.153e+06,5.3914e+06,1261.9,811.3,601,719.7,650.09,600.19,690.48,630,600.02
221.8012615,1.00346,1.0545e+07,5.1531e+06,5.3915e+06,1262,811.31,601,719.71,650.09,600.19,690.48,630,600.02
222.3012615,1.00346,1.0545e+07,5.1532e+06,5.3916e+06,1262,811.31,601,719.72,650.09,600.19,690.49,630,600.02
222.8012615,1.00346,1.0545e+07,5.1533e+06,5.3917e+06,1262,811.32,601,719.72,650.09,600.19,690.5,630,600.02
223.3012615,1.00346,1.0545e+07,5.1533e+06,5.3918e+06,1262,811.33,601,719.72,650.09,600.19,690.51,630,600.02
223.8012615,1.00346,1.0545e+07,5.1534e+06,5.3918e+06,1262,811.33,601,719.73,650.1,600.19,690.51,630,600.02
224.3012615,1.00346,1.0545e+07,5.1535e+06,5.3919e+06,1262,811.34,601,719.73,650.1,600.19,690.52,630,600.02
224.8012615,1.00346,1.0546e+07,5.1536e+06,5.392e+06,1262,811.35,601,719.74,650.1,600.19,690.52,630,600.02
225.3012615,1.00346,1.0546e+07,5.1537e+06,5.3921e+06,1262.1,811.35,601,719.74,650.1,600.19,690.53,630.01,600.02
225.8012615,1.00346,1.0546e+07,5.1538e+06,5.3922e+06,1262.1,811.36,601,719.75,650.1,600.19,690.54,630.01,600.02
226.3012615,1.00346,1.0546e+07,5.1539e+06,5.3923e+06,1262.1,811.36,601,719.75,650.1,600.19,690.54,630.01,600.02
226.8012615,1.00346,1.0546e+07,5.154e+06,5.3924e+06,1262.1,811.37,601,719.75,650.11,600.19,690.54,630.01,600.02
227.3012615,1.00346,1.0547e+07,5.154e+06,5.3925e+06,1262.1,811.37,601,719.76,650.11,600.19,690.55,630.01,600.02
227.8012615,1.00346,1.0547e+07,5.1541e+06,5.3926e+06,1262.1,811.38,601,719.76,650.11,600.19,690.55,630.01,600.02
228.3012615,1.00346,1.0547e+07,5.1542e+06,5.3926e+06,1262.1,811.38,601,719.76,650.11,600.19,690.56,630.01,600.02
228.8012615,1.00346,1.0547e+07,5.1543e+06,5.3927e+06,1262.2,811.39,601,719.77,650.11,600.19,690.56,630.01,600.02
229.3012615,1.00346,1.0547e+07,5.1544e+06,5.3928e+06,1262.2,811.39,601,719.77,650.11,600.19,690.56,630.01,600.02
229.8012615,1.00346,1.0547e+07,5.1544e+06,5.3929e+06,1262.2,811.4,601,719.77,650.11,600.19,690.57,630.01,600.02
230.3012615,1.00346,1.0547e+07,5.1545e+06,5.393e+06,1262.2,811.4,601,719.77,650.12,600.19,690.57,630.01,600.02
230.8012615,1.00346,1.0548e+07,5.1546e+06,5.393e+06,1262.2,811.41,601,719.78,650.12,600.19,690.57,630.02,600.02
231.3012615,1.00346,1.0548e+07,5.1547e+06,5.3931e+06,1262.2,811.41,601,719.78,650.12,600.19,690.58,630.02,600.02
231.8012615,1.00346,1.0548e+07,5.1547e+06,5.3932e+06,1262.2,811.42,601,719.78,650.12,600.19,690.58,630.02,600.02
232.3012615,1.00346,1.0548e+07,5.1548e+06,5.3933e+06,1262.2,811.42,601,719.78,650.12,600.19,690.58,630.02,600.02
232.8012615,1.00346,1.0548e+07,5.1549e+06,5.3933e+06,1262.3,811.42,601,719.79,650.12,600.19,690.59,630.02,600.02
233.3012615,1.00346,1.0548e+07,5.1549e+06,5.3934e+06,1262.3,811.43,601,719.79,650.12,600.19,690.59,630.02,600.02
233.8012615,1.00346,1.0548e+07,5.155e+06,5.3935e+06,1262.3,811.43,601,719.79,650.12,600.19,690.59,630.02,600.02
234.3012615,1.00346,1.0549e+07,5.1551e+06,5.3936e+06,1262.3,811.44,601,719.79,650.12,600.19,690.59,630.02,600.02
234.8012615,1.00346,1.0549e+07,5.1551e+06,5.3936e+06,1262.3,811.44,601,719.8,650.12,600.19,690.59,630.02,600.02
235.3012615,1.00346,1.0549e+07,5.1552e+06,5.3937e+06,1262.3,811.44,601,719.8,650.13,600.19,690.6,630.02,600.02
235.8012615,1.00346,1.0549e+07,5.1553e+06,5.3938e+06,1262.3,811.45,601,719.8,650.13,600.19,690.6,630.02,600.02
236.3012615,1.00346,1.0549e+07,5.1553e+06,5.3938e+06,1262.3,811.45,601,719.8,650.13,600.19,690.6,630.02,600.02
236.8012615,1.00346,1.0549e+07,5.1554e+06,5.3939e+06,1262.3,811.45,601,719.8,650.13,600.19,690.6,630.02,600.02
237.3012615,1.00346,1.0549e+07,5.1554e+06,5.3939e+06,1262.3,811.46,601,719.81,650.13,600.19,690.61,630.02,600.02
237.8012615,1.00346,1.055e+07,5.1555e+06,5.394e+06,1262.4,811.46,601,719.81,650.13,600.19,690.61,630.02,600.02
238.3012615,1.00346,1.055e+07,5.1556e+06,5.3941e+06,1262.4,811.46,601,719.81,650.13,600.19,690.61,630.02,600.02
238.8012615,1.00346,1.055e+07,5.1556e+06,5.3941e+06,1262.4,811.47,601,719.81,650.13,600.19,690.61,630.02,600.02
239.3012615,1.00346,1.055e+07,5.1557e+06,5.3942e+06,1262.4,811.47,601,719.81,650.13,600.19,690.61,630.03,600.02
239.8012615,1.00346,1.055e+07,5.1557e+06,5.3943e+06,1262.4,811.47,601,719.82,650.13,600.19,690.61,630.03,600.02
240.3012615,1.00346,1.055e+07,5.1558e+06,5.3943e+06,1262.4,811.48,601,719.82,650.13,600.19,690.62,630.03,600.02
240.8012615,1.00346,1.055e+07,5.1559e+06,5.3944e+06,1262.4,811.48,601,719.82,650.13,600.19,690.62,630.03,600.02
241.3012615,1.00346,1.055e+07,5.1559e+06,5.3944e+06,1262.4,811.48,601,719.82,650.14,600.19,690.62,630.03,600.02
241.8012615,1.00346,1.055e+07,5.156e+06,5.3945e+06,1262.4,811.49,601,719.82,650.14,600.19,690.62,630.03,600.02
242.3012615,1.00346,1.0551e+07,5.156e+06,5.3945e+06,1262.4,811.49,601,719.82,650.14,600.19,690.62,630.03,600.02
242.8012615,1.00346,1.0551e+07,5.1561e+06,5.3946e+06,1262.4,811.49,601,719.83,650.14,600.19,690.62,630.03,600.02
243.3012615,1.00346,1.0551e+07,5.1561e+06,5.3946e+06,1262.4,811.49,601,719.83,650.14,600.19,690.62,630.03,600.02
243.8012615,1.00346,1.0551e+07,5.1562e+06,5.3947e+06,1262.5,811.5,601,719.83,650.14,600.19,690.63,630.03,600.02
244.3012615,1.00346,1.0551e+07,5.1562e+06,5.3948e+06,1262.5,811.5,601,719.83,650.14,600.19,690.63,630.03,600.02
244.8012615,1.00346,1.0551e+07,5.1563e+06,5.3948e+06,1262.5,811.5,601,719.83,650.14,600.19,690.63,630.03,600.02
245.3012615,1.00346,1.0551e+07,5.1563e+06,5.3949e+06,1262.5,811.5,601,719.83,650.14,600.19,690.63,630.03,600.02
245.8012615,1.00346,1.0551e+07,5.1564e+06,5.3949e+06,1262.5,811.51,601,719.83,650.14,600.19,690.63,630.03,600.02
246.3012615,1.00346,1.0551e+07,5.1564e+06,5.395e+06,1262.5,811.51,601,719.84,650.14,600.19,690.63,630.03,600.02
246.8012615,1.00346,1.0551e+07,5.1565e+06,5.395e+06,1262.5,811.51,601,719.84,650.14,600.19,690.63,630.03,600.02
247.3012615,1.00346,1.0552e+07,5.1565e+06,5.3951e+06,1262.5,811.51,601,719.84,650.14,600.19,690.63,630.03,600.02
247.8012615,1.00346,1.0552e+07,5.1565e+06,5.3951e+06,1262.5,811.52,601,719.84,650.14,600.19,690.64,630.03,600.02
248.3012615,1.00346,1.0552e+07,5.1566e+06,5.3951e+06,1262.5,811.52,601,719.84,650.14,600.19,690.64,630.03,600.02
248.8012615,1.00346,1.0552e+07,5.1566e+06,5.3952e+06,1262.5,811.52,601,719.84,650.14,600.19,690.64,630.03,600.02
249.3012615,1.00346,1.0552e+07,5.1567e+06,5.3952e+06,1262.5,811.52,601,719.84,650.15,600.19,690.64,630.03,600.02
249.8012615,1.00346,1.0552e+07,5.1567e+06,5.3953e+06,1262.5,811.53,601,719.85,650.15,600.19,690.64,630.03,600.02
250.3012615,1.00346,1.0552e+07,5.1568e+06,5.3953e+06,1262.6,811.53,601,719.85,650.15,600.19,690.64,630.03,600.02
250.8012615,1.00346,1.0552e+07,5.1568e+06,5.3954e+06,1262.6,811.53,601,719.85,650.15,600.19,690.64,630.03,600.02
251.3012615,1.00346,1.0552e+07,5.1568e+06,5.3954e+06,1262.6,811.53,601,719.85,650.15,600.19,690.64,630.03,600.02
251.8012615,1.00346,1.0552e+07,5.1569e+06,5.3955e+06,1262.6,811.53,601,719.85,650.15,600.19,690.64,630.03,600.02
252.3012615,1.00346,1.0552e+07,5.1569e+06,5.3955e+06,1262.6,811.54,601,719.85,650.15,600.19,690.65,630.03,600.02
252.8012615,1.00346,1.0553e+07,5.157e+06,5.3955e+06,1262.6,811.54,601,719.85,650.15,600.19,690.65,630.04,600.02
253.3012615,1.00346,1.0553e+07,5.157e+06,5.3956e+06,1262.6,811.54,601,719.85,650.15,600.19,690.65,630.04,600.02
253.8012615,1.00346,1.0553e+07,5.157e+06,5.3956e+06,1262.6,811.54,601,719.86,650.15,600.19,690.65,630.04,600.02
254.3012615,1.00346,1.0553e+07,5.1571e+06,5.3957e+06,1262.6,811.54,601,719.86,650.15,600.19,690.65,630.04,600.02
254.8012615,1.00346,1.0553e+07,5.1571e+06,5.3957e+06,1262.6,811.55,601,719.86,650.15,600.19,690.65,630.04,600.02
255.3012615,1.00346,1.0553e+07,5.1572e+06,5.3957e+06,1262.6,811.55,601,719.86,650.15,600.19,690.65,630.04,600.02
255.8012615,1.00346,1.0553e+07,5.1572e+06,5.3958e+06,1262.6,811.55,601,719.86,650.15,600.19,690.65,630.04,600.02
256.3012615,1.00346,1.0553e+07,5.1572e+06,5.3958e+06,1262.6,811.55,601,719.86,650.15,600.19,690.65,630.04,600.02
256.8012615,1.00346,1.0553e+07,5.1573e+06,5.3959e+06,1262.6,811.55,601,719.86,650.15,600.19,690.65,630.04,600.02
257.3012615,1.00346,1.0553e+07,5.1573e+06,5.3959e+06,1262.6,811.55,601,719.86,650.15,600.19,690.65,630.04,600.02
257.8012615,1.00346,1.0553e+07,5.1573e+06,5.3959e+06,1262.6,811.56,601,719.86,650.15,600.19,690.66,630.04,600.02
258.3012615,1.00346,1.0553e+07,5.1574e+06,5.396e+06,1262.6,811.56,601,719.87,650.15,600.19,690.66,630.04,600.02
258.8012615,1.00346,1.0553e+07,5.1574e+06,5.396e+06,1262.7,811.56,601,719.87,650.15,600.19,690.66,630.04,600.02
259.3012615,1.00346,1.0553e+07,5.1574e+06,5.396e+06,1262.7,811.56,601,719.87,650.15,600.19,690.66,630.04,600.02
259.8012615,1.00346,1.0554e+07,5.1575e+06,5.3961e+06,1262.7,811.56,601,719.87,650.15,600.19,690.66,630.04,600.02
260.3012615,1.00346,1.0554e+07,5.1575e+06,5.3961e+06,1262.7,811.56,601,719.87,650.16,600.19,690.66,630.04,600.02
260.8012615,1.00346,1.0554e+07,5.1575e+06,5.3961e+06,1262.7,811.57,601,719.87,650.16,600.19,690.66,630.04,600.02
261.3012615,1.00346,1.0554e+07,5.1576e+06,5.3962e+06,1262.7,811.57,601,719.87,650.16,600.19,690.66,630.04,600.02
261.8012615,1.00346,1.0554e+07,5.1576e+06,5.3962e+06,1262.7,811.57,601,719.87,650.16,600.19,690.66,630.04,600.02
262.3012615,1.00346,1.0554e+07,5.1576e+06,5.3962e+06,1262.7,811.57,601,719.87,650.16,600.19,690.66,630.04,600.02
262.8012615,1.00346,1.0554e+07,5.1577e+06,5.3963e+06,1262.7,811.57,601,719.87,650.16,600.19,690.66,630.04,600.02
263.3012615,1.00346,1.0554e+07,5.1577e+06,5.3963e+06,1262.7,811.57,601,719.87,650.16,600.19,690.66,630.04,600.02
263.8012615,1.00346,1.0554e+07,5.1577e+06,5.3963e+06,1262.7,811.58,601,719.88,650.16,600.19,690.66,630.04,600.02
264.3012615,1.00346,1.0554e+07,5.1577e+06,5.3964e+06,1262.7,811.58,601,719.88,650.16,600.19,690.67,630.04,600.02
264.8012615,1.00346,1.0554e+07,5.1578e+06,5.3964e+06,1262.7,811.58,601,719.88,650.16,600.19,690.67,630.04,600.02
265.3012615,1.00346,1.0554e+07,5.1578e+06,5.3964e+06,1262.7,811.58,601,719.88,650.16,600.19,690.67,630.04,600.02
265.8012615,1.00346,1.0554e+07,5.1578e+06,5.3964e+06,1262.7,811.58,601,719.88,650.16,600.19,690.67,630.04,600.02
266.3012615,1.00346,1.0554e+07,5.1579e+06,5.3965e+06,1262.7,811.58,601,719.88,650.16,600.19,690.67,630.04,600.02
266.8012615,1.00346,1.0554e+07,5.1579e+06,5.3965e+06,1262.7,811.58,601,719.88,650.16,600.19,690.67,630.04,600.02
267.3012615,1.00346,1.0554e+07,5.1579e+06,5.3965e+06,1262.7,811.59,601,719.88,650.16,600.19,690.67,630.04,600.02
267.8012615,1.00346,1.0554e+07,5.1579e+06,5.3966e+06,1262.7,811.59,601,719.88,650.16,600.19,690.67,630.04,600.02
268.3012615,1.00346,1.0555e+07,5.158e+06,5.3966e+06,1262.7,811.59,601,719.88,650.16,600.19,690.67,630.04,600.02
268.8012615,1.00346,1.0555e+07,5.158e+06,5.3966e+06,1262.7,811.59,601,719.88,650.16,600.19,690.67,630.04,600.02
269.3012615,1.00346,1.0555e+07,5.158e+06,5.3966e+06,1262.7,811.59,601,719.88,650.16,600.19,690.67,630.04,600.02
269.8012615,1.00346,1.0555e+07,5.158e+06,5.3967e+06,1262.8,811.59,601,719.89,650.16,600.19,690.67,630.04,600.02
270.3012615,1.00346,1.0555e+07,5.1581e+06,5.3967e+06,1262.8,811.59,601,719.89,650.16,600.19,690.67,630.04,600.02
270.8012615,1.00346,1.0555e+07,5.1581e+06,5.3967e+06,1262.8,811.59,601,719.89,650.16,600.19,690.67,630.04,600.02
271.3012615,1.00346,1.0555e+07,5.1581e+06,5.3967e+06,1262.8,811.6,601,719.89,650.16,600.19,690.67,630.04,600.02
271.8012615,1.00346,1.0555e+07,5.1581e+06,5.3968e+06,1262.8,811.6,601,719.89,650.16,600.19,690.67,630.04,600.02
272.3012615,1.00346,1.0555e+07,5.1582e+06,5.3968e+06,1262.8,811.6,601,719.89,650.16,600.19,690.67,630.04,600.02
272.8012615,1.00346,1.0555e+07,5.1582e+06,5.3968e+06,1262.8,811.6,601,719.89,650.16,600.19,690.68,630.04,600.02
273.3012615,1.00346,1.0555e+07,5.1582e+06,5.3968e+06,1262.8,811.6,601,719.89,650.16,600.19,690.68,630.04,600.02
273.8012615,1.00346,1.0555e+07,5.1582e+06,5.3969e+06,1262.8,811.6,601,719.89,650.16,600.19,690.68,630.04,600.02
274.3012615,1.00346,1.0555e+07,5.1583e+06,5.3969e+06,1262.8,811.6,601,719.89,650.16,600.19,690.68,630.04,600.02
274.8012615,1.00346,1.0555e+07,5.1583e+06,5.3969e+06,1262.8,811.6,601,719.89,650.16,600.19,690.68,630.04,600.02
275.3012615,1.00346,1.0555e+07,5.1583e+06,5.3969e+06,1262.8,811.6,601,719.89,650.17,600.19,690.68,630.05,600.02
275.8012615,1.00346,1.0555e+07,5.1583e+06,5.397e+06,1262.8,811.61,601,719.89,650.17,600.19,690.68,630.05,600.02
276.3012615,1.00346,1.0555e+07,5.1583e+06,5.397e+06,1262.8,811.61,601,719.89,650.17,600.19,690.68,630.05,600.02
276.8012615,1.00346,1.0555e+07,5.1584e+06,5.397e+06,1262.8,811.61,601,719.89,650.17,600.19,690.68,630.05,600.02
277.3012615,1.00346,1.0555e+07,5.1584e+06,5.397e+06,1262.8,811.61,601,719.9,650.17,600.19,690.68,630.05,600.02
277.8012615,1.00346,1.0555e+07,5.1584e+06,5.397e+06,1262.8,811.61,601,719.9,650.17,600.19,690.68,630.05,600.02
278.3012615,1.00346,1.0555e+07,5.1584e+06,5.3971e+06,1262.8,811.61,601,719.9,650.17,600.19,690.68,630.05,600.02
278.8012615,1.00346,1.0556e+07,5.1584e+06,5.3971e+06,1262.8,811.61,601,719.9,650.17,600.19,690.68,630.05,600.02
279.3012615,1.00346,1.0556e+07,5.1585e+06,5.3971e+06,1262.8,811.61,601,719.9,650.17,600.19,690.68,630.05,600.02
279.8012615,1.00346,1.0556e+07,5.1585e+06,5.3971e+06,1262.8,811.61,601,719.9,650.17,600.19,690.68,630.05,600.02
280.3012615,1.00346,1.0556e+07,5.1585e+06,5.3971e+06,1262.8,811.61,601,719.9,650.17,600.19,690.68,630.05,600.02
280.8012615,1.00346,1.0556e+07,5.1585e+06,5.3972e+06,1262.8,811.62,601,719.9,650.17,600.19,690.68,630.05,600.02
281.3012615,1.00346,1.0556e+07,5.1585e+06,5.3972e+06,1262.8,811.62,601,719.9,650.17,600.19,690.68,630.05,600.02
281.8012615,1.00346,1.0556e+07,5.1586e+06,5.3972e+06,1262.8,811.62,601,719.9,650.17,600.19,690.68,630.05,600.02
282.3012615,1.00346,1.0556e+07,5.1586e+06,5.3972e+06,1262.8,811.62,601,719.9,650.17,600.19,690.68,630.05,600.02
282.8012615,1.00346,1.0556e+07,5.1586e+06,5.3972e+06,1262.8,811.62,601,719.9,650.17,600.19,690.69,630.05,600.02
283.3012615,1.00346,1.0556e+07,5.1586e+06,5.3973e+06,1262.8,811.62,601,719.9,650.17,600.19,690.69,630.05,600.02
283.8012615,1.00346,1.0556e+07,5.1586e+06,5.3973e+06,1262.8,811.62,601,719.9,650.17,600.19,690.69,630.05,600.02
284.3012615,1.00346,1.0556e+07,5.1586e+06,5.3973e+06,1262.8,811.62,601,719.9,650.17,600.19,690.69,630.05,600.02
284.8012615,1.00346,1.0556e+07,5.1587e+06,5.3973e+06,1262.8,811.62,601,719.9,650.17,600.19,690.69,630.05,600.02
285.3012615,1.00346,1.0556e+07,5.1587e+06,5.3973e+06,1262.8,811.62,601,719.9,650.17,600.19,690.69,630.05,600.02
285.8012615,1.00346,1.0556e+07,5.1587e+06,5.3974e+06,1262.9,811.62,601,719.9,650.17,600.19,690.69,630.05,600.02
286.3012615,1.00346,1.0556e+07,5.1587e+06,5.3974e+06,1262.9,811.63,601,719.9,650.17,600.19,690.69,630.05,600.02
286.8012615,1.00346,1.0556e+07,5.1587e+06,5.3974e+06,1262.9,811.63,601,719.91,650.17,600.19,690.69,630.05,600.02
287.3012615,1.00346,1.0556e+07,5.1587e+06,5.3974e+06,1262.9,811.63,601,719.91,650.17,600.19,690.69,630.05,600.02
287.8012615,1.00346,1.0556e+07,5.1588e+06,5.3974e+06,1262.9,811.63,601,719.91,650.17,600.19,690.69,630.05,600.02
288.3012615,1.00346,1.0556e+07,5.1588e+06,5.3974e+06,1262.9,811.63,601,719.91,650.17,600.19,690.69,630.05,600.02
288.8012615,1.00346,1.0556e+07,5.1588e+06,5.3975e+06,1262.9,811.63,601,719.91,650.17,600.19,690.69,630.05,600.02
289.3012615,1.00346,1.0556e+07,5.1588e+06,5.3975e+06,1262.9,811.63,601,719.91,650.17,600.19,690.69,630.05,600.02
289.8012615,1.00346,1.0556e+07,5.1588e+06,5.3975e+06,1262.9,811.63,601,719.91,650.17,600.19,690.69,630.05,600.02
290.3012615,1.00346,1.0556e+07,5.1588e+06,5.3975e+06,1262.9,811.63,601,719.91,650.17,600.19,690.69,630.05,600.02
290.8012615,1.00346,1.0556e+07,5.1589e+06,5.3975e+06,1262.9,811.63,601,719.91,650.17,600.19,690.69,630.05,600.02
291.3012615,1.00346,1.0556e+07,5.1589e+06,5.3975e+06,1262.9,811.63,601,719.91,650.17,600.19,690.69,630.05,600.02
291.8012615,1.00346,1.0556e+07,5.1589e+06,5.3975e+06,1262.9,811.63,601,719.91,650.17,600.19,690.69,630.05,600.02
292.3012615,1.00346,1.0556e+07,5.1589e+06,5.3976e+06,1262.9,811.63,601,719.91,650.17,600.19,690.69,630.05,600.02
292.8012615,1.00346,1.0556e+07,5.1589e+06,5.3976e+06,1262.9,811.63,601,719.91,650.17,600.19,690.69,630.05,600.02
293.3012615,1.00346,1.0557e+07,5.1589e+06,5.3976e+06,1262.9,811.64,601,719.91,650.17,600.19,690.69,630.05,600.02
293.8012615,1.00346,1.0557e+07,5.1589e+06,5.3976e+06,1262.9,811.64,601,719.91,650.17,600.19,690.69,630.05,600.02
294.3012615,1.00346,1.0557e+07,5.159e+06,5.3976e+06,1262.9,811.64,601,719.91,650.17,600.19,690.69,630.05,600.02
294.8012615,1.00346,1.0557e+07,5.159e+06,5.3976e+06,1262.9,811.64,601,719.91,650.17,600.19,690.69,630.05,600.02
295.3012615,1.00346,1.0557e+07,5.159e+06,5.3976e+06,1262.9,811.64,601,719.91,650.17,600.19,690.69,630.05,600.02
295.8012615,1.00346,1.0557e+07,5.159e+06,5.3977e+06,1262.9,811.64,601,719.91,650.17,600.19,690.69,630.05,600.02
296.3012615,1.00346,1.0557e+07,5.159e+06,5.3977e+06,1262.9,811.64,601,719.91,650.17,600.19,690.69,630.05,600.02
296.8012615,1.00346,1.0557e+07,5.159e+06,5.3977e+06,1262.9,811.64,601,719.91,650.17,600.19,690.69,630.05,600.02
297.3012615,1.00346,1.0557e+07,5.159e+06,5.3977e+06,1262.9,811.64,601,719.91,650.17,600.19,690.7,630.05,600.02
297.8012615,1.00346,1.0557e+07,5.159e+06,5.3977e+06,1262.9,811.64,601,719.91,650.17,600.19,690.7,630.05,600.02
298.3012615,1.00346,1.0557e+07,5.1591e+06,5.3977e+06,1262.9,811.64,601,719.91,650.17,600.19,690.7,630.05,600.02
298.8012615,1.00346,1.0557e+07,5.1591e+06,5.3977e+06,1262.9,811.64,601,719.92,650.17,600.19,690.7,630.05,600.02
299.3012615,1.00346,1.0557e+07,5.1591e+06,5.3978e+06,1262.9,811.64,601,719.92,650.17,600.19,690.7,630.05,600.02
299.8012615,1.00346,1.0557e+07,5.1591e+06,5.3978e+06,1262.9,811.64,601,719.92,650.17,600.19,690.7,630.05,600.02
300.3012615,1.00346,1.0557e+07,5.1591e+06,5.3978e+06,1262.9,811.64,601,719.92,650.18,600.19,690.7,630.05,600.02
300.8012615,1.00346,1.0557e+07,5.1591e+06,5.3978e+06,1262.9,811.64,601,719.92,650.18,600.19,690.7,630.05,600.02
301.3012615,1.00346,1.0557e+07,5.1591e+06,5.3978e+06,1262.9,811.65,601,719.92,650.18,600.19,690.7,630.05,600.02
301.8012615,1.00346,1.0557e+07,5.1591e+06,5.3978e+06,1262.9,811.65,601,719.92,650.18,600.19,690.7,630.05,600.02
302.3012615,1.00346,1.0557e+07,5.1592e+06,5.3978e+06,1262.9,811.65,601,719.92,650.18,600.19,690.7,630.05,600.02
302.8012615,1.00346,1.0557e+07,5.1592e+06,5.3978e+06,1262.9,811.65,601,719.92,650.18,600.19,690.7,630.05,600.02
303.3012615,1.00346,1.0557e+07,5.1592e+06,5.3978e+06,1262.9,811.65,601,719.92,650.18,600.19,690.7,630.05,600.02
303.8012615,1.00346,1.0557e+07,5.1592e+06,5.3979e+06,1262.9,811.65,601,719.92,650.18,600.19,690.7,630.05,600.02
304.3012615,1.00346,1.0557e+07,5.1592e+06,5.3979e+06,1262.9,811.65,601,719.92,650.18,600.19,690.7,630.05,600.02
304.8012615,1.00346,1.0557e+07,5.1592e+06,5.3979e+06,1262.9,811.65,601,719.92,650.18,600.19,690.7,630.05,600.02
305.3012615,1.00346,1.0557e+07,5.1592e+06,5.3979e+06,1262.9,811.65,601,719.92,650.18,600.19,690.7,630.05,600.02
305.8012615,1.00346,1.0557e+07,5.1592e+06,5.3979e+06,1262.9,811.65,601,719.92,650.18,600.19,690.7,630.05,600.02
306.3012615,1.00346,1.0557e+07,5.1592e+06,5.3979e+06,1262.9,811.65,601,719.92,650.18,600.19,690.7,630.05,600.02
306.8012615,1.00346,1.0557e+07,5.1592e+06,5.3979e+06,1262.9,811.65,601,719.92,650.18,600.19,690.7,630.05,600.02
307.3012615,1.00346,1.0557e+07,5.1593e+06,5.3979e+06,1262.9,811.65,601,719.92,650.18,600.19,690.7,630.05,600.02
307.8012615,1.00346,1.0557e+07,5.1593e+06,5.3979e+06,1262.9,811.65,601,719.92,650.18,600.19,690.7,630.05,600.02
308.3012615,1.00346,1.0557e+07,5.1593e+06,5.398e+06,1262.9,811.65,601,719.92,650.18,600.19,690.7,630.05,600.02
308.8012615,1.00346,1.0557e+07,5.1593e+06,5.398e+06,1262.9,811.65,601,719.92,650.18,600.19,690.7,630.05,600.02
309.3012615,1.00346,1.0557e+07,5.1593e+06,5.398e+06,1262.9,811.65,601,719.92,650.18,600.19,690.7,630.05,600.02
309.8012615,1.00346,1.0557e+07,5.1593e+06,5.398e+06,1262.9,811.65,601,719.92,650.18,600.19,690.7,630.05,600.02
310.3012615,1.00346,1.0557e+07,5.1593e+06,5.398e+06,1262.9,811.65,601,719.92,650.18,600.19,690.7,630.05,600.02
310.8012615,1.00346,1.0557e+07,5.1593e+06,5.398e+06,1262.9,811.65,601,719.92,650.18,600.19,690.7,630.05,600.02
311.3012615,1.00346,1.0557e+07,5.1593e+06,5.398e+06,1262.9,811.66,601,719.92,650.18,600.19,690.7,630.05,600.02
311.8012615,1.00346,1.0557e+07,5.1593e+06,5.398e+06,1262.9,811.66,601,719.92,650.18,600.19,690.7,630.05,600.02
312.3012615,1.00346,1.0557e+07,5.1593e+06,5.398e+06,1263,811.66,601,719.92,650.18,600.19,690.7,630.05,600.02
312.8012615,1.00346,1.0557e+07,5.1594e+06,5.398e+06,1263,811.66,601,719.92,650.18,600.19,690.7,630.05,600.02
313.3012615,1.00346,1.0557e+07,5.1594e+06,5.398e+06,1263,811.66,601,719.92,650.18,600.19,690.7,630.05,600.02
313.8012615,1.00346,1.0557e+07,5.1594e+06,5.3981e+06,1263,811.66,601,719.92,650.18,600.19,690.7,630.05,600.02
314.3012615,1.00346,1.0557e+07,5.1594e+06,5.3981e+06,1263,811.66,601,719.92,650.18,600.19,690.7,630.05,600.02
314.8012615,1.00346,1.0557e+07,5.1594e+06,5.3981e+06,1263,811.66,601,719.92,650.18,600.19,690.7,630.05,600.02
315.3012615,1.00346,1.0557e+07,5.1594e+06,5.3981e+06,1263,811.66,601,719.92,650.18,600.19,690.7,630.05,600.02
315.8012615,1.00346,1.0557e+07,5.1594e+06,5.3981e+06,1263,811.66,601,719.92,650.18,600.19,690.7,630.05,600.02
316.3012615,1.00346,1.0558e+07,5.1594e+06,5.3981e+06,1263,811.66,601,719.92,650.18,600.19,690.7,630.05,600.02
316.8012615,1.00346,1.0558e+07,5.1594e+06,5.3981e+06,1263,811.66,601,719.93,650.18,600.19,690.7,630.05,600.02
317.3012615,1.00346,1.0558e+07,5.1594e+06,5.3981e+06,1263,811.66,601,719.93,650.18,600.19,690.7,630.05,600.02
317.8012615,1.00346,1.0558e+07,5.1594e+06,5.3981e+06,1263,811.66,601,719.93,650.18,600.19,690.7,630.05,600.02
318.3012615,1.00346,1.0558e+07,5.1594e+06,5.3981e+06,1263,811.66,601,719.93,650.18,600.19,690.7,630.05,600.02
318.8012615,1.00346,1.0558e+07,5.1595e+06,5.3981e+06,1263,811.66,601,719.93,650.18,600.19,690.7,630.05,600.02
319.3012615,1.00346,1.0558e+07,5.1595e+06,5.3981e+06,1263,811.66,601,719.93,650.18,600.19,690.7,630.05,600.02
319.8012615,1.00346,1.0558e+07,5.1595e+06,5.3982e+06,1263,811.66,601,719.93,650.18,600.19,690.71,630.05,600.02
320.3012615,1.00346,1.0558e+07,5.1595e+06,5.3982e+06,1263,811.66,601,719.93,650.18,600.19,690.71,630.05,600.02
320.8012615,1.00346,1.0558e+07,5.1595e+06,5.3982e+06,1263,811.66,601,719.93,650.18,600.19,690.71,630.05,600.02
321.3012615,1.00346,1.0558e+07,5.1595e+06,5.3982e+06,1263,811.66,601,719.93,650.18,600.19,690.71,630.05,600.02
321.8012615,1.00346,1.0558e+07,5.1595e+06,5.3982e+06,1263,811.66,601,719.93,650.18,600.19,690.71,630.05,600.02
322.3012615,1.00346,1.0558e+07,5.1595e+06,5.3982e+06,1263,811.66,601,719.93,650.18,600.19,690.71,630.05,600.02
322.8012615,1.00346,1.0558e+07,5.1595e+06,5.3982e+06,1263,811.66,601,719.93,650.18,600.19,690.71,630.05,600.02
323.3012615,1.00346,1.0558e+07,5.1595e+06,5.3982e+06,1263,811.66,601,719.93,650.18,600.19,690.71,630.05,600.02
323.8012615,1.00346,1.0558e+07,5.1595e+06,5.3982e+06,1263,811.66,601,719.93,650.18,600.19,690.71,630.05,600.02
324.3012615,1.00346,1.0558e+07,5.1595e+06,5.3982e+06,1263,811.67,601,719.93,650.18,600.19,690.71,630.05,600.02
324.8012615,1.00346,1.0558e+07,5.1595e+06,5.3982e+06,1263,811.67,601,719.93,650.18,600.19,690.71,630.05,600.02
325.3012615,1.00346,1.0558e+07,5.1595e+06,5.3982e+06,1263,811.67,601,719.93,650.18,600.19,690.71,630.05,600.02
325.8012615,1.00346,1.0558e+07,5.1596e+06,5.3982e+06,1263,811.67,601,719.93,650.18,600.19,690.71,630.05,600.02
326.3012615,1.00346,1.0558e+07,5.1596e+06,5.3982e+06,1263,811.67,601,719.93,650.18,600.19,690.71,630.05,600.02
326.8012615,1.00346,1.0558e+07,5.1596e+06,5.3983e+06,1263,811.67,601,719.93,650.18,600.19,690.71,630.05,600.02
327.3012615,1.00346,1.0558e+07,5.1596e+06,5.3983e+06,1263,811.67,601,719.93,650.18,600.19,690.71,630.05,600.02
327.8012615,1.00346,1.0558e+07,5.1596e+06,5.3983e+06,1263,811.67,601,719.93,650.18,600.19,690.71,630.05,600.02
328.3012615,1.00346,1.0558e+07,5.1596e+06,5.3983e+06,1263,811.67,601,719.93,650.18,600.19,690.71,630.05,600.02
328.8012615,1.00346,1.0558e+07,5.1596e+06,5.3983e+06,1263,811.67,601,719.93,650.18,600.19,690.71,630.05,600.02
329.3012615,1.00346,1.0558e+07,5.1596e+06,5.3983e+06,1263,811.67,601,719.93,650.18,600.19,690.71,630.05,600.02
329.8012615,1.00346,1.0558e+07,5.1596e+06,5.3983e+06,1263,811.67,601,719.93,650.18,600.19,690.71,630.05,600.02
330.3012615,1.00346,1.0558e+07,5.1596e+06,5.3983e+06,1263,811.67,601,719.93,650.18,600.19,690.71,630.05,600.02
330.8012615,1.00346,1.0558e+07,5.1596e+06,5.3983e+06,1263,811.67,601,719.93,650.18,600.19,690.71,630.05,600.02
331.3012615,1.00346,1.0558e+07,5.1596e+06,5.3983e+06,1263,811.67,601,719.93,650.18,600.19,690.71,630.05,600.02
331.8012615,1.00346,1.0558e+07,5.1596e+06,5.3983e+06,1263,811.67,601,719.93,650.18,600.19,690.71,630.05,600.02
332.3012615,1.00346,1.0558e+07,5.1596e+06,5.3983e+06,1263,811.67,601,719.93,650.18,600.19,690.71,630.05,600.02
332.8012615,1.00346,1.0558e+07,5.1596e+06,5.3983e+06,1263,811.67,601,719.93,650.18,600.19,690.71,630.05,600.02
333.3012615,1.00346,1.0558e+07,5.1596e+06,5.3983e+06,1263,811.67,601,719.93,650.18,600.19,690.71,630.05,600.02
333.8012615,1.00346,1.0558e+07,5.1596e+06,5.3983e+06,1263,811.67,601,719.93,650.18,600.19,690.71,630.05,600.02
334.3012615,1.00346,1.0558e+07,5.1596e+06,5.3983e+06,1263,811.67,601,719.93,650.18,600.19,690.71,630.05,600.02
334.8012615,1.00346,1.0558e+07,5.1597e+06,5.3984e+06,1263,811.67,601,719.93,650.18,600.19,690.71,630.06,600.02
335.3012615,1.00346,1.0558e+07,5.1597e+06,5.3984e+06,1263,811.67,601,719.93,650.18,600.19,690.71,630.06,600.02
335.8012615,1.00346,1.0558e+07,5.1597e+06,5.3984e+06,1263,811.67,601,719.93,650.18,600.19,690.71,630.06,600.02
336.3012615,1.00346,1.0558e+07,5.1597e+06,5.3984e+06,1263,811.67,601,719.93,650.18,600.19,690.71,630.06,600.02
336.8012615,1.00346,1.0558e+07,5.1597e+06,5.3984e+06,1263,811.67,601,719.93,650.18,600.19,690.71,630.06,600.02
337.3012615,1.00346,1.0558e+07,5.1597e+06,5.3984e+06,1263,811.67,601,719.93,650.18,600.19,690.71,630.06,600.02
337.8012615,1.00346,1.0558e+07,5.1597e+06,5.3984e+06,1263,811.67,601,719.93,650.18,600.19,690.71,630.06,600.02
338.3012615,1.00346,1.0558e+07,5.1597e+06,5.3984e+06,1263,811.67,601,719.93,650.18,600.19,690.71,630.06,600.02
338.8012615,1.00346,1.0558e+07,5.1597e+06,5.3984e+06,1263,811.67,601,719.93,650.18,600.19,690.71,630.06,600.02
339.3012615,1.00346,1.0558e+07,5.1597e+06,5.3984e+06,1263,811.67,601,719.93,650.18,600.19,690.71,630.06,600.02
339.8012615,1.00346,1.0558e+07,5.1597e+06,5.3984e+06,1263,811.67,601,719.93,650.18,600.19,690.71,630.06,600.02
340.3012615,1.00346,1.0558e+07,5.1597e+06,5.3984e+06,1263,811.67,601,719.93,650.18,600.19,690.71,630.06,600.02
340.8012615,1.00346,1.0558e+07,5.1597e+06,5.3984e+06,1263,811.67,601,719.93,650.18,600.19,690.71,630.06,600.02
341.3012615,1.00346,1.0558e+07,5.1597e+06,5.3984e+06,1263,811.67,601,719.93,650.18,600.19,690.71,630.06,600.02
341.8012615,1.00346,1.0558e+07,5.1597e+06,5.3984e+06,1263,811.67,601,719.93,650.18,600.19,690.71,630.06,600.02
342.3012615,1.00346,1.0558e+07,5.1597e+06,5.3984e+06,1263,811.67,601,719.93,650.18,600.19,690.71,630.06,600.02
342.8012615,1.00346,1.0558e+07,5.1597e+06,5.3984e+06,1263,811.67,601,719.93,650.18,600.19,690.71,630.06,600.02
343.3012615,1.00346,1.0558e+07,5.1597e+06,5.3984e+06,1263,811.68,601,719.93,650.18,600.19,690.71,630.06,600.02
343.8012615,1.00346,1.0558e+07,5.1597e+06,5.3984e+06,1263,811.68,601,719.93,650.18,600.19,690.71,630.06,600.02
344.3012615,1.00346,1.0558e+07,5.1597e+06,5.3984e+06,1263,811.68,601,719.93,650.18,600.19,690.71,630.06,600.02
344.8012615,1.00346,1.0558e+07,5.1597e+06,5.3984e+06,1263,811.68,601,719.93,650.18,600.19,690.71,630.06,600.02
345.3012615,1.00346,1.0558e+07,5.1598e+06,5.3985e+06,1263,811.68,601,719.93,650.18,600.19,690.71,630.06,600.02
345.8012615,1.00346,1.0558e+07,5.1598e+06,5.3985e+06,1263,811.68,601,719.93,650.18,600.19,690.71,630.06,600.02
346.3012615,1.00346,1.0558e+07,5.1598e+06,5.3985e+06,1263,811.68,601,719.93,650.18,600.19,690.71,630.06,600.02
346.8012615,1.00346,1.0558e+07,5.1598e+06,5.3985e+06,1263,811.68,601,719.93,650.18,600.19,690.71,630.06,600.02
347.3012615,1.00346,1.0558e+07,5.1598e+06,5.3985e+06,1263,811.68,601,719.94,650.18,600.19,690.71,630.06,600.02
347.8012615,1.00346,1.0558e+07,5.1598e+06,5.3985e+06,1263,811.68,601,719.94,650.18,600.19,690.71,630.06,600.02
348.3012615,1.00346,1.0558e+07,5.1598e+06,5.3985e+06,1263,811.68,601,719.94,650.18,600.19,690.71,630.06,600.02
348.8012615,1.00346,1.0558e+07,5.1598e+06,5.3985e+06,1263,811.68,601,719.94,650.18,600.19,690.71,630.06,600.02
349.3012615,1.00346,1.0558e+07,5.1598e+06,5.3985e+06,1263,811.68,601,719.94,650.18,600.19,690.71,630.06,600.02
349.8012615,1.00346,1.0558e+07,5.1598e+06,5.3985e+06,1263,811.68,601,719.94,650.18,600.19,690.71,630.06,600.02
350.3012615,1.00346,1.0558e+07,5.1598e+06,5.3985e+06,1263,811.68,601,719.94,650.18,600.19,690.71,630.06,600.02
350.8012615,1.00346,1.0558e+07,5.1598e+06,5.3985e+06,1263,811.68,601,719.94,650.18,600.19,690.71,630.06,600.02
351.3012615,1.00346,1.0558e+07,5.1598e+06,5.3985e+06,1263,811.68,601,719.94,650.18,600.19,690.71,630.06,600.02
351.8012615,1.00346,1.0558e+07,5.1598e+06,5.3985e+06,1263,811.68,601,719.94,650.18,600.19,690.71,630.06,600.02
352.3012615,1.00346,1.0558e+07,5.1598e+06,5.3985e+06,1263,811.68,601,719.94,650.18,600.19,690.71,630.06,600.02
352.8012615,1.00346,1.0558e+07,5.1598e+06,5.3985e+06,1263,811.68,601,719.94,650.18,600.19,690.71,630.06,600.02
353.3012615,1.00346,1.0558e+07,5.1598e+06,5.3985e+06,1263,811.68,601,719.94,650.18,600.19,690.71,630.06,600.02
353.8012615,1.00346,1.0558e+07,5.1598e+06,5.3985e+06,1263,811.68,601,719.94,650.18,600.19,690.71,630.06,600.02
354.3012615,1.00346,1.0558e+07,5.1598e+06,5.3985e+06,1263,811.68,601,719.94,650.18,600.19,690.71,630.06,600.02
354.8012615,1.00346,1.0558e+07,5.1598e+06,5.3985e+06,1263,811.68,601,719.94,650.18,600.19,690.71,630.06,600.02
355.3012615,1.00346,1.0558e+07,5.1598e+06,5.3985e+06,1263,811.68,601,719.94,650.18,600.19,690.71,630.06,600.02
355.8012615,1.00346,1.0558e+07,5.1598e+06,5.3985e+06,1263,811.68,601,719.94,650.18,600.19,690.71,630.06,600.02
356.3012615,1.00346,1.0558e+07,5.1598e+06,5.3985e+06,1263,811.68,601,719.94,650.18,600.19,690.71,630.06,600.02
356.8012615,1.00346,1.0558e+07,5.1598e+06,5.3985e+06,1263,811.68,601,719.94,650.18,600.19,690.71,630.06,600.02
357.3012615,1.00346,1.0558e+07,5.1598e+06,5.3985e+06,1263,811.68,601,719.94,650.18,600.19,690.71,630.06,600.02
357.8012615,1.00346,1.0558e+07,5.1598e+06,5.3985e+06,1263,811.68,601,719.94,650.18,600.19,690.71,630.06,600.02
358.3012615,1.00346,1.0558e+07,5.1598e+06,5.3986e+06,1263,811.68,601,719.94,650.18,600.19,690.71,630.06,600.02
358.8012615,1.00346,1.0558e+07,5.1598e+06,5.3986e+06,1263,811.68,601,719.94,650.18,600.19,690.71,630.06,600.02
359.3012615,1.00346,1.0558e+07,5.1599e+06,5.3986e+06,1263,811.68,601,719.94,650.18,600.19,690.71,630.06,600.02
359.8012615,1.00346,1.0558e+07,5.1599e+06,5.3986e+06,1263,811.68,601,719.94,650.18,600.19,690.71,630.06,600.02
360.3012615,1.00346,1.0558e+07,5.1599e+06,5.3986e+06,1263,811.68,601,719.94,650.18,600.19,690.71,630.06,600.02
360.8012615,1.00346,1.0558e+07,5.1599e+06,5.3986e+06,1263,811.68,601,719.94,650.18,600.19,690.71,630.06,600.02
361.3012615,1.00346,1.0558e+07,5.1599e+06,5.3986e+06,1263,811.68,601,719.94,650.18,600.19,690.71,630.06,600.02
361.8012615,1.00346,1.0558e+07,5.1599e+06,5.3986e+06,1263,811.68,601,719.94,650.18,600.19,690.71,630.06,600.02
362.3012615,1.00346,1.0558e+07,5.1599e+06,5.3986e+06,1263,811.68,601,719.94,650.18,600.19,690.71,630.06,600.02
362.8012615,1.00346,1.0558e+07,5.1599e+06,5.3986e+06,1263,811.68,601,719.94,650.18,600.19,690.71,630.06,600.02
363.3012615,1.00346,1.0558e+07,5.1599e+06,5.3986e+06,1263,811.68,601,719.94,650.18,600.19,690.71,630.06,600.02
363.8012615,1.00346,1.0558e+07,5.1599e+06,5.3986e+06,1263,811.68,601,719.94,650.18,600.19,690.71,630.06,600.02
364.3012615,1.00346,1.0558e+07,5.1599e+06,5.3986e+06,1263,811.68,601,719.94,650.18,600.19,690.71,630.06,600.02
364.8012615,1.00346,1.0558e+07,5.1599e+06,5.3986e+06,1263,811.68,601,719.94,650.18,600.19,690.71,630.06,600.02
365.3012615,1.00346,1.0558e+07,5.1599e+06,5.3986e+06,1263,811.68,601,719.94,650.18,600.19,690.71,630.06,600.02
365.8012615,1.00346,1.0558e+07,5.1599e+06,5.3986e+06,1263,811.68,601,719.94,650.18,600.19,690.71,630.06,600.02
366.3012615,1.00346,1.0558e+07,5.1599e+06,5.3986e+06,1263,811.68,601,719.94,650.18,600.19,690.71,630.06,600.02
366.8012615,1.00346,1.0558e+07,5.1599e+06,5.3986e+06,1263,811.68,601,719.94,650.18,600.19,690.71,630.06,600.02
367.3012615,1.00346,1.0559e+07,5.1599e+06,5.3986e+06,1263,811.68,601,719.94,650.18,600.19,690.71,630.06,600.02
367.8012615,1.00346,1.0559e+07,5.1599e+06,5.3986e+06,1263,811.68,601,719.94,650.18,600.19,690.71,630.06,600.02
368.3012615,1.00346,1.0559e+07,5.1599e+06,5.3986e+06,1263,811.68,601,719.94,650.18,600.19,690.71,630.06,600.02
368.8012615,1.00346,1.0559e+07,5.1599e+06,5.3986e+06,1263,811.68,601,719.94,650.18,600.19,690.71,630.06,600.02
369.3012615,1.00346,1.0559e+07,5.1599e+06,5.3986e+06,1263,811.68,601,719.94,650.18,600.19,690.71,630.06,600.02
369.8012615,1.00346,1.0559e+07,5.1599e+06,5.3986e+06,1263,811.68,601,719.94,650.18,600.19,690.72,630.06,600.02
370.3012615,1.00346,1.0559e+07,5.1599e+06,5.3986e+06,1263,811.68,601,719.94,650.18,600.19,690.72,630.06,600.02
370.8012615,1.00346,1.0559e+07,5.1599e+06,5.3986e+06,1263,811.68,601,719.94,650.18,600.19,690.72,630.06,600.02
371.3012615,1.00346,1.0559e+07,5.1599e+06,5.3986e+06,1263,811.68,601,719.94,650.18,600.19,690.72,630.06,600.02
371.8012615,1.00346,1.0559e+07,5.1599e+06,5.3986e+06,1263,811.68,601,719.94,650.18,600.19,690.72,630.06,600.02
372.3012615,1.00346,1.0559e+07,5.1599e+06,5.3986e+06,1263,811.68,601,719.94,650.18,600.19,690.72,630.06,600.02
372.8012615,1.00346,1.0559e+07,5.1599e+06,5.3986e+06,1263,811.68,601,719.94,650.18,600.19,690.72,630.06,600.02
373.3012615,1.00346,1.0559e+07,5.1599e+06,5.3986e+06,1263,811.68,601,719.94,650.18,600.19,690.72,630.06,600.02
373.8012615,1.00346,1.0559e+07,5.1599e+06,5.3986e+06,1263,811.68,601,719.94,650.18,600.19,690.72,630.06,600.02
374.3012615,1.00346,1.0559e+07,5.1599e+06,5.3986e+06,1263,811.68,601,719.94,650.18,600.19,690.72,630.06,600.02
374.8012615,1.00346,1.0559e+07,5.1599e+06,5.3986e+06,1263,811.68,601,719.94,650.18,600.19,690.72,630.06,600.02
375.3012615,1.00346,1.0559e+07,5.1599e+06,5.3986e+06,1263,811.68,601,719.94,650.18,600.19,690.72,630.06,600.02
375.8012615,1.00346,1.0559e+07,5.1599e+06,5.3986e+06,1263,811.68,601,719.94,650.18,600.19,690.72,630.06,600.02
376.3012615,1.00346,1.0559e+07,5.1599e+06,5.3987e+06,1263,811.68,601,719.94,650.18,600.19,690.72,630.06,600.02
376.8012615,1.00346,1.0559e+07,5.1599e+06,5.3987e+06,1263,811.68,601,719.94,650.18,600.19,690.72,630.06,600.02
377.3012615,1.00346,1.0559e+07,5.1599e+06,5.3987e+06,1263,811.69,601,719.94,650.18,600.19,690.72,630.06,600.02
377.8012615,1.00346,1.0559e+07,5.1599e+06,5.3987e+06,1263,811.69,601,719.94,650.18,600.19,690.72,630.06,600.02
378.3012615,1.00346,1.0559e+07,5.1599e+06,5.3987e+06,1263,811.69,601,719.94,650.19,600.19,690.72,630.06,600.02
378.8012615,1.00346,1.0559e+07,5.16e+06,5.3987e+06,1263,811.69,601,719.94,650.19,600.19,690.72,630.06,600.02
379.3012615,1.00346,1.0559e+07,5.16e+06,5.3987e+06,1263,811.69,601,719.94,650.19,600.19,690.72,630.06,600.02
379.8012615,1.00346,1.0559e+07,5.16e+06,5.3987e+06,1263,811.69,601,719.94,650.19,600.19,690.72,630.06,600.02
380.3012615,1.00346,1.0559e+07,5.16e+06,5.3987e+06,1263,811.69,601,719.94,650.19,600.19,690.72,630.06,600.02
380.8012615,1.00346,1.0559e+07,5.16e+06,5.3987e+06,1263,811.69,601,719.94,650.19,600.19,690.72,630.06,600.02
381.3012615,1.00346,1.0559e+07,5.16e+06,5.3987e+06,1263,811.69,601,719.94,650.19,600.19,690.72,630.06,600.02
381.8012615,1.00346,1.0559e+07,5.16e+06,5.3987e+06,1263,811.69,601,719.94,650.19,600.19,690.72,630.06,600.02
382.3012615,1.00346,1.0559e+07,5.16e+06,5.3987e+06,1263,811.69,601,719.94,650.19,600.19,690.72,630.06,600.02
382.8012615,1.00346,1.0559e+07,5.16e+06,5.3987e+06,1263,811.69,601,719.94,650.19,600.19,690.72,630.06,600.02
383.3012615,1.00346,1.0559e+07,5.16e+06,5.3987e+06,1263,811.69,601,719.94,650.19,600.19,690.72,630.06,600.02
383.8012615,1.00346,1.0559e+07,5.16e+06,5.3987e+06,1263,811.69,601,719.94,650.19,600.19,690.72,630.06,600.02
384.3012615,1.00346,1.0559e+07,5.16e+06,5.3987e+06,1263,811.69,601,719.94,650.19,600.19,690.72,630.06,600.02
384.8012615,1.00346,1.0559e+07,5.16e+06,5.3987e+06,1263,811.69,601,719.94,650.19,600.19,690.72,630.06,600.02
385.3012615,1.00346,1.0559e+07,5.16e+06,5.3987e+06,1263,811.69,601,719.94,650.19,600.19,690.72,630.06,600.02
385.8012615,1.00346,1.0559e+07,5.16e+06,5.3987e+06,1263,811.69,601,719.94,650.19,600.19,690.72,630.06,600.02
386.3012615,1.00346,1.0559e+07,5.16e+06,5.3987e+06,1263,811.69,601,719.94,650.19,600.19,690.72,630.06,600.02
386.8012615,1.00346,1.0559e+07,5.16e+06,5.3987e+06,1263,811.69,601,719.94,650.19,600.19,690.72,630.06,600.02
387.3012615,1.00346,1.0559e+07,5.16e+06,5.3987e+06,1263,811.69,601,719.94,650.19,600.19,690.72,630.06,600.02
387.8012615,1.00346,1.0559e+07,5.16e+06,5.3987e+06,1263,811.69,601,719.94,650.19,600.19,690.72,630.06,600.02
388.3012615,1.00346,1.0559e+07,5.16e+06,5.3987e+06,1263,811.69,601,719.94,650.19,600.19,690.72,630.06,600.02
388.8012615,1.00346,1.0559e+07,5.16e+06,5.3987e+06,1263,811.69,601,719.94,650.19,600.19,690.72,630.06,600.02
389.3012615,1.00346,1.0559e+07,5.16e+06,5.3987e+06,1263,811.69,601,719.94,650.19,600.19,690.72,630.06,600.02
389.8012615,1.00346,1.0559e+07,5.16e+06,5.3987e+06,1263,811.69,601,719.94,650.19,600.19,690.72,630.06,600.02
390.3012615,1.00346,1.0559e+07,5.16e+06,5.3987e+06,1263,811.69,601,719.94,650.19,600.19,690.72,630.06,600.02
390.8012615,1.00346,1.0559e+07,5.16e+06,5.3987e+06,1263,811.69,601,719.94,650.19,600.19,690.72,630.06,600.02
391.3012615,1.00346,1.0559e+07,5.16e+06,5.3987e+06,1263,811.69,601,719.94,650.19,600.19,690.72,630.06,600.02
391.8012615,1.00346,1.0559e+07,5.16e+06,5.3987e+06,1263,811.69,601,719.94,650.19,600.19,690.72,630.06,600.02
392.3012615,1.00346,1.0559e+07,5.16e+06,5.3987e+06,1263,811.69,601,719.94,650.19,600.19,690.72,630.06,600.02
392.8012615,1.00346,1.0559e+07,5.16e+06,5.3987e+06,1263,811.69,601,719.94,650.19,600.19,690.72,630.06,600.02
393.3012615,1.00346,1.0559e+07,5.16e+06,5.3987e+06,1263,811.69,601,719.94,650.19,600.19,690.72,630.06,600.02
393.8012615,1.00346,1.0559e+07,5.16e+06,5.3987e+06,1263,811.69,601,719.94,650.19,600.19,690.72,630.06,600.02
394.3012615,1.00346,1.0559e+07,5.16e+06,5.3987e+06,1263,811.69,601,719.94,650.19,600.19,690.72,630.06,600.02
394.8012615,1.00346,1.0559e+07,5.16e+06,5.3987e+06,1263,811.69,601,719.94,650.19,600.19,690.72,630.06,600.02
395.3012615,1.00346,1.0559e+07,5.16e+06,5.3987e+06,1263,811.69,601,719.94,650.19,600.19,690.72,630.06,600.02
395.8012615,1.00346,1.0559e+07,5.16e+06,5.3987e+06,1263,811.69,601,719.94,650.19,600.19,690.72,630.06,600.02
396.3012615,1.00346,1.0559e+07,5.16e+06,5.3987e+06,1263,811.69,601,719.94,650.19,600.19,690.72,630.06,600.02
396.8012615,1.00346,1.0559e+07,5.16e+06,5.3987e+06,1263.1,811.69,601,719.94,650.19,600.19,690.72,630.06,600.02
397.3012615,1.00346,1.0559e+07,5.16e+06,5.3987e+06,1263.1,811.69,601,719.94,650.19,600.19,690.72,630.06,600.02
397.8012615,1.00346,1.0559e+07,5.16e+06,5.3987e+06,1263.1,811.69,601,719.94,650.19,600.19,690.72,630.06,600.02
398.3012615,1.00346,1.0559e+07,5.16e+06,5.3987e+06,1263.1,811.69,601,719.94,650.19,600.19,690.72,630.06,600.02
398.8012615,1.00346,1.0559e+07,5.16e+06,5.3987e+06,1263.1,811.69,601,719.94,650.19,600.19,690.72,630.06,600.02
399.3012615,1.00346,1.0559e+07,5.16e+06,5.3987e+06,1263.1,811.69,601,719.94,650.19,600.19,690.72,630.06,600.02
399.8012615,1.00346,1.0559e+07,5.16e+06,5.3987e+06,1263.1,811.69,601,719.94,650.19,600.19,690.72,630.06,600.02
